switch 0 110 80
switch 1 50 100
switch 2 50 40
switch 3 50 110
switch 4 50 50
switch 5 50 120
switch 6 50 60
switch 7 50 130
switch 8 50 70
composite 4bit+ 9 100 100
display 10 135 145
display 11 135 155
display 12 135 165
display 13 135 175
display 14 135 195
wire 15 115 90 115 100
wire 16 60 105 100 105
wire 17 60 45 150 45 150 105 140 105
wire 18 60 115 100 115
wire 19 60 55 160 55 160 115 140 115
wire 20 60 125 100 125
wire 21 60 65 170 65 170 125 140 125
wire 22 60 135 90 135 90 130 100 130
wire 23 60 75 180 75 180 130 140 130
wire 24 135 130 135 150
wire 25 125 130 125 160 135 160
wire 26 115 130 115 170 135 170
wire 27 105 130 105 180 135 180
wire 28 100 130 100 200 135 200